normSM 1.166777609866708
normLIN 0.23124784796015496
normQUAD 0.2361413109657391
0.21179887652397156
computing cW sensibility

abs sigma, model  4 dim  9
loss of sensibility within  0.17600000000000002  -  0.17700000000000002


 ghe sem



cW values are
[0.1  0.15 0.2  0.25 0.3  0.35 0.4  0.45 0.5  0.55 0.6  0.65 0.7  0.75
 0.8  0.85 0.9  0.95]

sigma, cut, signal, bkg
[0.9090911119622099, 2.139274284406269, 3.8865492011533753, 6.150915862210939, 8.932374267582789, 12.230924417252085, 16.046566311225885, 20.3792999495238, 25.087612691460844, 30.433235921738007, 36.294652235858294, 42.671861633794144, 49.5648641155752, 56.97365968121494, 64.89824833061385, 73.33863006395086, 82.2948048811294, 91.7667727821175]
[0.022949557652570514, 0.022949557652570514, 0.022949557652570514, 0.022949557652570514, 0.022949557652570514, 0.022949557652570514, 0.022949557652570514, 0.022949557652570514, 0.02140670400806088, 0.02140670400806088, 0.02140670400806088, 0.02140670400806088, 0.02140670400806088, 0.02140670400806088, 0.02140670400806088, 0.02140670400806088, 0.02140670400806088, 0.02140670400806088]
[1.3947444973522942, 3.282114407721701, 5.9628160925447045, 9.436849551832676, 13.704214785591489, 18.764911793795306, 24.618940576454953, 31.266301133600532, 43.61154940112586, 52.90421963062084, 63.09352900364181, 74.17947752014088, 86.16206518016956, 99.0412919837513, 112.81715793071308, 127.48966302136598, 143.0588072555421, 159.52459063318588]
[2.3538267270496744, 2.3538267270496744, 2.3538267270496744, 2.3538267270496744, 2.3538267270496744, 2.3538267270496744, 2.3538267270496744, 2.3538267270496744, 3.021929720118873, 3.021929720118873, 3.021929720118873, 3.021929720118873, 3.021929720118873, 3.021929720118873, 3.021929720118873, 3.021929720118873, 3.021929720118873, 3.021929720118873]


sigma, error, lin, quad, bkg
[0.909091111962557, 2.139274284405248, 3.88654920115555, 6.15091586221346, 8.932374267578975, 12.230924417252101, 16.046566311232844, 20.379299949521187, 25.087612691468944, 30.433235921733914, 36.29465223583851, 42.67186163378278, 49.56486411556668, 56.97365968119025, 64.89824833065346, 73.33863006395629, 82.29480488109881, 91.76677278208093]
[0.3254126620277099, 0.7612068201251355, 1.3801838044488441, 2.182304979567327, 3.1675581273440283, 4.3359381727930835, 5.687442631053364, 7.222070142323935, 7.853328685180166, 9.52571787381281, 11.359447448068194, 13.354517112680771, 15.5109266579124, 17.828675930679008, 20.307764816633203, 22.948193228641728, 25.749961099144677, 28.713068374951895]
[-8.29927946405951, -8.29927946405951, -8.29927946405951, -8.29927946405951, -8.29927946405951, -8.29927946405951, -8.29927946405951, -8.29927946405951, -10.55497627868317, -10.55497627868317, -10.55497627868317, -10.55497627868317, -10.55497627868317, -10.55497627868317, -10.55497627868317, -10.55497627868317, -10.55497627868317, -10.55497627868317]
[671.9127383651212, 671.9127383651212, 671.9127383651212, 671.9127383651212, 671.9127383651212, 671.9127383651212, 671.9127383651212, 671.9127383651212, 759.4089656341821, 759.4089656341821, 759.4089656341821, 759.4089656341821, 759.4089656341821, 759.4089656341821, 759.4089656341821, 759.4089656341821, 759.4089656341821, 759.4089656341821]
[2.0173739255405962, 2.0173739255405962, 2.0173739255405962, 2.0173739255405962, 2.0173739255405962, 2.0173739255405962, 2.0173739255405962, 2.0173739255405962, 2.5899791824631393, 2.5899791824631393, 2.5899791824631393, 2.5899791824631393, 2.5899791824631393, 2.5899791824631393, 2.5899791824631393, 2.5899791824631393, 2.5899791824631393, 2.5899791824631393]


sigma max and error:
0.909091111962557  +-  0.3254126620277099
2.139274284405248  +-  0.7612068201251355
3.88654920115555  +-  1.3801838044488441
6.15091586221346  +-  2.182304979567327
8.932374267578975  +-  3.1675581273440283
12.230924417252101  +-  4.3359381727930835
16.046566311232844  +-  5.687442631053364
20.379299949521187  +-  7.222070142323935
25.087612691468944  +-  7.853328685180166
30.433235921733914  +-  9.52571787381281
36.29465223583851  +-  11.359447448068194
42.67186163378278  +-  13.354517112680771
49.56486411556668  +-  15.5109266579124
56.97365968119025  +-  17.828675930679008
64.89824833065346  +-  20.307764816633203
73.33863006395629  +-  22.948193228641728
82.29480488109881  +-  25.749961099144677
91.76677278208093  +-  28.713068374951895








normSM 1.166777609866708
normLIN 0.23124784796015496
normQUAD 0.2361413109657391
0.21179887652397156
computing cW sensibility

abs sigma, model  4 dim  7
loss of sensibility within  0.10800000000000001  -  0.10900000000000001


 ghe sem



cW values are
[0.1  0.15 0.2  0.25 0.3  0.35 0.4  0.45 0.5  0.55 0.6  0.65 0.7  0.75
 0.8  0.85 0.9  0.95]

sigma, cut, signal, bkg
[2.4688908047606035, 6.031756422084718, 11.146390303722443, 17.813048389158674, 26.03173067839317, 35.80243717148753, 47.12516786828326, 59.99992276897523, 74.42670187335953, 90.40550518162061, 107.93633269367383, 127.01918440953122, 147.65406032954394, 169.84096045268555, 193.57988477994945, 218.87083331110134, 245.71380604615655, 274.1088029843472]
[0.010906530937789167, 0.010901546795397534, 0.010901546795397534, 0.010901546795397534, 0.010901546795397534, 0.010901546795397534, 0.010901546795397534, 0.010901546795397534, 0.010901546795397534, 0.010901546795397534, 0.010901546795397534, 0.010901546795397534, 0.010901546795397534, 0.010901546795397534, 0.010901546795397534, 0.010901546795397534, 0.010901546795397534, 0.010901546795397534]
[3.1498038172199996, 7.6952975669030925, 14.220532823562152, 22.725836114058936, 33.21120743839314, 45.67664679664335, 60.12215418860735, 76.54772961453376, 94.95337307416246, 115.33908456772872, 137.70486409512458, 162.0507116563654, 188.37662725189918, 216.6826108804164, 246.9686625431844, 279.2347822399043, 313.48096997059565, 349.70722573427884]
[1.6276583316157145, 1.6276583316157145, 1.6276583316157145, 1.6276583316157145, 1.6276583316157145, 1.6276583316157145, 1.6276583316157145, 1.6276583316157145, 1.6276583316157145, 1.6276583316157145, 1.6276583316157145, 1.6276583316157145, 1.6276583316157145, 1.6276583316157145, 1.6276583316157145, 1.6276583316157145, 1.6276583316157145, 1.6276583316157145]


sigma, error, lin, quad, bkg
[2.4688908047609908, 6.031756422089089, 11.146390303726466, 17.813048389167676, 26.031730678412725, 35.80243717146161, 47.12516786831436, 59.99992276897092, 74.42670187343133, 90.4055051816956, 107.93633269376363, 127.01918440963561, 147.6540603293113, 169.84096045279094, 193.5798847800744, 218.87083331116162, 245.71380604605278, 274.1088029847477]
[1.0533774680375796, 2.564186397461477, 4.7332339906976655, 7.560480812685677, 11.045882235726532, 15.189420607527753, 19.991087547301795, 25.450878565713204, 31.568791041307446, 38.344823340632445, 45.77897439288019, 53.871243466849975, 62.62163004621024, 72.03013375597651, 82.09675431724295, 92.82149151826408, 104.20434519538783, 116.24531522013511]
[-34.983428261009976, -35.0276005048072, -35.0276005048072, -35.0276005048072, -35.0276005048072, -35.0276005048072, -35.0276005048072, -35.0276005048072, -35.0276005048072, -35.0276005048072, -35.0276005048072, -35.0276005048072, -35.0276005048072, -35.0276005048072, -35.0276005048072, -35.0276005048072, -35.0276005048072, -35.0276005048072]
[1676.4487547702156, 1677.0195996174589, 1677.0195996174589, 1677.0195996174589, 1677.0195996174589, 1677.0195996174589, 1677.0195996174589, 1677.0195996174589, 1677.0195996174589, 1677.0195996174589, 1677.0195996174589, 1677.0195996174589, 1677.0195996174589, 1677.0195996174589, 1677.0195996174589, 1677.0195996174589, 1677.0195996174589, 1677.0195996174589]
[1.395003056153655, 1.395003056153655, 1.395003056153655, 1.395003056153655, 1.395003056153655, 1.395003056153655, 1.395003056153655, 1.395003056153655, 1.395003056153655, 1.395003056153655, 1.395003056153655, 1.395003056153655, 1.395003056153655, 1.395003056153655, 1.395003056153655, 1.395003056153655, 1.395003056153655, 1.395003056153655]


sigma max and error:
2.4688908047609908  +-  1.0533774680375796
6.031756422089089  +-  2.564186397461477
11.146390303726466  +-  4.7332339906976655
17.813048389167676  +-  7.560480812685677
26.031730678412725  +-  11.045882235726532
35.80243717146161  +-  15.189420607527753
47.12516786831436  +-  19.991087547301795
59.99992276897092  +-  25.450878565713204
74.42670187343133  +-  31.568791041307446
90.4055051816956  +-  38.344823340632445
107.93633269376363  +-  45.77897439288019
127.01918440963561  +-  53.871243466849975
147.6540603293113  +-  62.62163004621024
169.84096045279094  +-  72.03013375597651
193.5798847800744  +-  82.09675431724295
218.87083331116162  +-  92.82149151826408
245.71380604605278  +-  104.20434519538783
274.1088029847477  +-  116.24531522013511





normSM 1.166777609866708
normLIN 0.23124784796015496
normQUAD 0.2361413109657391
0.21179887652397156
computing cW sensibility

abs sigma, model  4 dim  5
loss of sensibility within  0.14900000000000002  -  0


 ghe sem



cW values are
[0.1  0.15 0.2  0.25 0.3  0.35 0.4  0.45 0.5  0.55 0.6  0.65 0.7  0.75
 0.8  0.85 0.9  0.95]

sigma, cut, signal, bkg
[1.2666403950632765, 2.9744171187481503, 5.405057769432594, 8.555282559008472, 12.425091487478797, 17.014484554822694, 22.323461761048875, 28.352023106182177, 35.10016859017809, 42.56789821307875, 50.75521197489453, 59.6621098755131, 69.28859191509324, 79.63465809356045, 90.70030841082618, 102.4855428670546, 114.99036146218077, 128.21476419619484]
[0.022738346122074884, 0.022734365505825506, 0.022734365505825506, 0.022734365505825506, 0.022734365505825506, 0.022734365505825506, 0.022734365505825506, 0.022734365505825506, 0.022734365505825506, 0.022734365505825506, 0.022734365505825506, 0.022734365505825506, 0.022734365505825506, 0.022734365505825506, 0.022734365505825506, 0.022734365505825506, 0.022734365505825506, 0.022734365505825506]
[1.416844553629731, 3.3357343295191466, 6.061636964394136, 9.594535195128211, 13.934429021724752, 19.081318444160345, 25.035203462444766, 31.796084076605865, 39.36396028659373, 47.7388320924556, 56.92069949420313, 66.90956249171033, 77.70542108515527, 89.3082752744544, 101.71812505950844, 114.93497044050146, 128.95881141736064, 143.78964799007494]
[1.2512317086607105, 1.2577060936346298, 1.2577060936346298, 1.2577060936346298, 1.2577060936346298, 1.2577060936346298, 1.2577060936346298, 1.2577060936346298, 1.2577060936346298, 1.2577060936346298, 1.2577060936346298, 1.2577060936346298, 1.2577060936346298, 1.2577060936346298, 1.2577060936346298, 1.2577060936346298, 1.2577060936346298, 1.2577060936346298]


sigma, error, lin, quad, bkg
[1.2666403950639198, 2.9744171187467456, 5.405057769435711, 8.555282559011363, 12.425091487473708, 17.014484554822744, 22.323461761058475, 28.352023106180887, 35.10016859019, 42.567898213085805, 50.755211974868274, 59.66210987553747, 69.28859191509333, 79.63465809353592, 90.70030841086518, 102.48554286708108, 114.99036146218374, 128.21476419617306]
[0.6170104272261022, 1.4406183242465538, 2.6150746081755183, 4.137189611014642, 6.006950275528876, 8.224351226784034, 10.789389847445678, 13.702064710525569, 16.96237497182096, 20.57032009998346, 24.525899743889568, 28.82911366220566, 33.47996168358938, 38.47844368303248, 43.824559567191066, 49.518309264957345, 55.559692721210716, 61.948709892563855]
[-8.50484996160958, -8.526085883844644, -8.526085883844644, -8.526085883844644, -8.526085883844644, -8.526085883844644, -8.526085883844644, -8.526085883844644, -8.526085883844644, -8.526085883844644, -8.526085883844644, -8.526085883844644, -8.526085883844644, -8.526085883844644, -8.526085883844644, -8.526085883844644, -8.526085883844644, -8.526085883844644]
[683.2846705713309, 683.4853186453693, 683.4853186453693, 683.4853186453693, 683.4853186453693, 683.4853186453693, 683.4853186453693, 683.4853186453693, 683.4853186453693, 683.4853186453693, 683.4853186453693, 683.4853186453693, 683.4853186453693, 683.4853186453693, 683.4853186453693, 683.4853186453693, 683.4853186453693, 683.4853186453693]
[1.0723823443986475, 1.0779312895610929, 1.0779312895610929, 1.0779312895610929, 1.0779312895610929, 1.0779312895610929, 1.0779312895610929, 1.0779312895610929, 1.0779312895610929, 1.0779312895610929, 1.0779312895610929, 1.0779312895610929, 1.0779312895610929, 1.0779312895610929, 1.0779312895610929, 1.0779312895610929, 1.0779312895610929, 1.0779312895610929]


sigma max and error:
1.2666403950639198  +-  0.6170104272261022
2.9744171187467456  +-  1.4406183242465538
5.405057769435711  +-  2.6150746081755183
8.555282559011363  +-  4.137189611014642
12.425091487473708  +-  6.006950275528876
17.014484554822744  +-  8.224351226784034
22.323461761058475  +-  10.789389847445678
28.352023106180887  +-  13.702064710525569
35.10016859019  +-  16.96237497182096
42.567898213085805  +-  20.57032009998346
50.755211974868274  +-  24.525899743889568
59.66210987553747  +-  28.82911366220566
69.28859191509333  +-  33.47996168358938
79.63465809353592  +-  38.47844368303248
90.70030841086518  +-  43.824559567191066
102.48554286708108  +-  49.518309264957345
114.99036146218374  +-  55.559692721210716
128.21476419617306  +-  61.948709892563855




normSM 1.166777609866708
normLIN 0.23124784796015496
normQUAD 0.2361413109657391
0.21179887652397156
computing cW sensibility

abs sigma, model  4 dim  3
loss of sensibility within  0.281  -  0.28200000000000003


 ghe sem



cW values are
[0.1  0.15 0.2  0.25 0.3  0.35 0.4  0.45 0.5  0.55 0.6  0.65 0.7  0.75
 0.8  0.85 0.9  0.95]

sigma, cut, signal, bkg
[0.348211039830847, 0.8189855772703051, 1.4875394597236515, 2.354162733887211, 3.417222373057692, 4.681373059149169, 6.143984780644523, 7.805057537552789, 9.664591329855968, 11.7225861575714, 13.97904202069744, 16.433958919211673, 19.08733685313959, 21.93917582247846, 24.977329052822988, 28.224839152072132, 31.670752431721965, 35.31966168766774]
[0.022998219934481336, 0.02299821993448134, 0.02299821993448134, 0.02296686950217958, 0.021936986214427433, 0.021936986214427433, 0.021936986214427433, 0.021936986214427433, 0.021936986214427433, 0.021936986214427433, 0.021936986214427433, 0.021936986214427433, 0.021936986214427433, 0.021936986214427433, 0.021817345230430586, 0.021817345230430586, 0.021817345230430586, 0.020751084234789746]
[1.391595764478557, 3.27300610874377, 5.944824761017742, 9.425378821736006, 14.803492698095486, 20.279825054570914, 26.6158955748899, 33.81170425909159, 41.86725110709802, 50.78253611898428, 60.55755929474328, 71.19232063427789, 82.68682013769855, 95.04105780499343, 109.26282834798538, 123.46899658087354, 138.54307557387415, 168.14398846796652]
[15.97133151476449, 15.97133151476449, 15.97133151476449, 16.029673160012074, 18.766440467389955, 18.766440467389955, 18.766440467389955, 18.766440467389955, 18.766440467389955, 18.766440467389955, 18.766440467389955, 18.766440467389955, 18.766440467389955, 18.766440467389955, 19.13607595448641, 19.13607595448641, 19.13607595448641, 22.66363774500162]


sigma, error, lin, quad, bkg
[0.34821103983097873, 0.8189855772699145, 1.4875394597244822, 2.354162733888205, 3.4172223730559894, 4.6813730591493155, 6.143984780647595, 7.805057537550824, 9.664591329859004, 11.722586157572135, 13.979042020690212, 16.433958919213246, 19.087336853141228, 21.939175822474166, 24.97732905283882, 28.22483915207308, 31.6707524317111, 35.31966168765745]
[0.05217453309039346, 0.11853178512255758, 0.21271768910389532, 0.33420017093324544, 0.44890497623257225, 0.6135846620290426, 0.8040804481970604, 1.0203912531541723, 1.262516408879117, 1.5304554813314348, 1.824208176592172, 2.1437742886903117, 2.4891536690677887, 2.8603462079145103, 3.2256425993449853, 3.6443736039811028, 4.088670076571701, 4.205462739806032]
[-8.182599458610639, -8.182599458610639, -8.182599458610639, -8.258528257254511, -9.68361085455399, -9.68361085455399, -9.68361085455399, -9.68361085455399, -9.68361085455399, -9.68361085455399, -9.68361085455399, -9.68361085455399, -9.68361085455399, -9.68361085455399, -9.890626897686161, -9.890626897686161, -9.890626897686161, -11.677308894344606]
[669.4367070151493, 669.4367070151493, 669.4367070151493, 670.9759001806378, 728.1556626684032, 728.1556626684032, 728.1556626684032, 728.1556626684032, 728.1556626684032, 728.1556626684032, 728.1556626684032, 728.1556626684032, 728.1556626684032, 728.1556626684032, 735.0774471238256, 735.0774471238256, 735.0774471238256, 801.0102260084823]
[13.688411038834602, 13.688411038834602, 13.688411038834602, 13.738413408398628, 16.083990906830877, 16.083990906830877, 16.083990906830877, 16.083990906830877, 16.083990906830877, 16.083990906830877, 16.083990906830877, 16.083990906830877, 16.083990906830877, 16.083990906830877, 16.400791198480874, 16.400791198480874, 16.400791198480874, 19.42412808863446]


sigma max and error:
0.34821103983097873  +-  0.05217453309039346
0.8189855772699145  +-  0.11853178512255758
1.4875394597244822  +-  0.21271768910389532
2.354162733888205  +-  0.33420017093324544
3.4172223730559894  +-  0.44890497623257225
4.6813730591493155  +-  0.6135846620290426
6.143984780647595  +-  0.8040804481970604
7.805057537550824  +-  1.0203912531541723
9.664591329859004  +-  1.262516408879117
11.722586157572135  +-  1.5304554813314348
13.979042020690212  +-  1.824208176592172
16.433958919213246  +-  2.1437742886903117
19.087336853141228  +-  2.4891536690677887
21.939175822474166  +-  2.8603462079145103
24.97732905283882  +-  3.2256425993449853
28.22483915207308  +-  3.6443736039811028
31.6707524317111  +-  4.088670076571701
35.31966168765745  +-  4.205462739806032
